atlas1_medium.png
explosion       0.000000  0.000000  0.250000  0.250000   320   320
shield          0.250000  0.000000  0.250000  0.250000   460   330
razor           0.000000  0.500000  0.250000  0.250000   332   332
ufo             0.750000  0.000000  0.250000  0.125000   278   167
regular         0.750000  0.125000  0.250000  0.125000   278   167
lights          0.000000  0.250000  0.250000  0.125000   278   167
dropship        0.250000  0.250000  0.250000  0.125000   390   234
worm            0.500000  0.250000  0.125000  0.125000   200   200
bomb            0.625000  0.250000  0.125000  0.125000   193   252
highlight       0.750000  0.250000  0.125000  0.125000   193   252
powerup         0.875000  0.250000  0.062500  0.062500    90    90
hurt            0.937744  0.250000  0.062012  0.062500   128   128
plasma          0.875244  0.312500  0.062500  0.062500    80    80
projectile      0.937500  0.312500  0.062500  0.031250   128    64
bar_side        0.937744  0.343750  0.030762  0.031250    40    40
bar_middle      0.968994  0.343750  0.030762  0.031250    40    40
bubble_corner   0.000244  0.406250  0.030761  0.031250    20    20
bubble_side     0.031982  0.406250  0.015625  0.031250    20    20
bubble_inside   0.078125  0.414062  0.002000  0.015625     4     4
hud_panel       0.101562  0.414062  0.015625  0.015625  1920   100
island          0.500000  0.000000  0.250000  0.250000   332   276
